50 43 7
100 82 6
150 35 11
200 200 1
250 208 6
300 152 13
350 22 17
400 158 13
450 155 12
500 119 13
550 16 12
600 196 12
650 265 15
700 635 8
750 386 7
800 337 15
850 602 8
900 301 18
950 270 13
1000 729 7
1050 420 11
1100 722 12
1150 629 9
1200 890 12
1250 1083 13
1300 24 14
1350 310 13
1400 1138 8
1450 8 15
1500 1089 10
1550 856 15
1600 1149 17
1650 1641 5
1700 940 11
1750 796 14
1800 1089 15
1850 986 19
1900 1690 7
1950 1391 11
2000 747 15
2050 840 14
2100 877 13
2150 2022 10
2200 939 11
2250 210 22
2300 2014 13
2350 1937 17
2400 1849 14
2450 1617 13
2500 1731 15
2550 2515 8
2600 491 15
2650 1361 11
2700 1109 10
2750 1059 13
2800 637 19
2850 2651 11
2900 1982 16
2950 700 16
3000 662 17
3050 181 10
3100 281 12
3150 1366 13
3200 2540 10
3250 798 18
3300 3060 13
3350 191 16
3400 13 13
3450 1104 18
3500 3164 9
3550 197 16
3600 1037 16
3650 2470 18
3700 2044 13
3750 3188 12
3800 526 15
3850 3540 14
3900 3715 17
3950 1165 8
4000 1449 12
4050 3077 12
4100 1428 13
4150 2160 14
4200 2402 20
4250 1426 19
4300 70 15
4350 849 17
4400 1689 14
4450 239 16
4500 3663 12
4550 1074 16
4600 251 13
4650 2922 14
4700 3909 12
4750 4416 11
4800 1494 10
4850 768 10
4900 803 22
4950 3852 10
5000 2499 16
5050 2762 19
5100 2808 16
5150 1436 15
5200 994 9
5250 2767 19
5300 4383 11
5350 1196 12
5400 2646 20
5450 4895 14
5500 4861 21
5550 3264 18
5600 3528 9
5650 2998 11
5700 907 16
5750 1023 29
5800 3512 19
5850 3874 18
5900 436 23
5950 3993 14
6000 3718 14
6050 5395 11
6100 69 18
6150 4036 17
6200 3048 20
6250 396 22
6300 1495 14
6350 2334 17
6400 5476 16
6450 3476 18
6500 1403 18
6550 168 18
6600 4043 18
6650 5841 13
6700 2396 19
6750 929 27
6800 1089 16
6850 4439 12
6900 2978 20
6950 1286 14
7000 1746 24
7050 5630 10
7100 4471 14
7150 5285 13
7200 1625 17
7250 4064 17
7300 2819 17
7350 876 14
7400 5917 14
7450 5009 5
7500 1132 26
7550 3018 22
7600 44 19
7650 1101 16
7700 3823 14
7750 2489 13
7800 4653 12
7850 6704 20
7900 5842 18
7950 3622 24
8000 7613 13
8050 5879 13
8100 65 16
8150 4459 8
8200 3349 21
8250 1240 21
8300 4459 16
8350 1563 17
8400 307 16
8450 340 21
8500 3341 16
8550 4084 12
8600 5562 17
8650 6253 21
8700 1989 26
8750 1175 12
8800 4308 17
8850 1518 20
8900 6791 16
8950 4831 15
9000 5311 24
9050 7546 15
9100 3883 17
9150 8778 12
9200 7668 17
9250 274 22
9300 5270 17
9350 983 23
9400 4351 11
9450 78 16
9500 2 19
9550 220 13
9600 8969 13
9650 5734 13
9700 1003 18
9750 5348 24
9800 9426 11
9850 961 25
9900 4165 12
9950 2351 16
10000 7370 13
10050 5845 13
10100 7837 15
10150 6119 20
10200 4286 11
10250 5942 18
10300 10155 9
10350 3366 15
10400 1744 10
10450 5086 22
10500 4720 18
10550 5658 13
10600 9968 8
10650 5038 15
10700 278 16
10750 1143 19
10800 2036 22
10850 4113 17
10900 9844 14
10950 4450 14
11000 432 15
11050 3253 23
11100 39 13
11150 3035 13
11200 1738 14
11250 3815 17
11300 4407 17
11350 6579 14
11400 8657 8
11450 9605 16
11500 10442 14
11550 1930 13
11600 2191 15
11650 3355 26
11700 11320 15
11750 2932 22
11800 5567 22
11850 156 16
11900 2638 12
11950 1392 15
12000 6268 16
12050 6308 19
12100 1768 14
12150 11713 13
12200 8862 13
12250 11799 16
12300 4872 23
12350 10542 11
12400 5414 20
12450 11003 15
12500 8771 20
12550 930 18
12600 12285 19
12650 9555 8
12700 7402 17
12750 8813 19
12800 11291 17
12850 5717 13
12900 10276 20
12950 8575 14
13000 8310 12
13050 2641 26
13100 10106 17
13150 13117 7
13200 5032 23
13250 7250 15
13300 10868 17
13350 4211 15
13400 2876 10
13450 11822 17
13500 6698 17
13550 3610 18
13600 4192 14
13650 11325 18
13700 10505 20
13750 9522 19
13800 212 13
13850 12370 12
13900 213 15
13950 3541 21
14000 4664 16
14050 11843 18
14100 12198 9
14150 8481 18
14200 6339 28
14250 931 18
14300 12349 17
14350 1176 20
14400 8368 15
14450 1731 20
14500 11500 20
14550 14319 8
14600 3837 15
14650 1687 18
14700 9015 21
14750 9741 9
14800 3167 13
14850 1747 12
14900 11634 17
14950 6013 21
15000 2879 15
15050 13235 22
15100 2279 20
15150 213 14
15200 1096 14
15250 6954 17
15300 12321 15
15350 10141 21
15400 14271 16
15450 13282 12
15500 15486 4
15550 11 20
15600 9847 15
15650 3907 20
15700 5694 15
15750 5704 15
15800 15241 13
15850 15391 8
15900 1530 24
15950 4684 20
16000 345 24
16050 9519 17
16100 938 22
16150 4807 17
16200 12746 11
16250 9332 10
16300 14026 19
16350 1501 20
16400 5382 18
16450 8604 26
16500 16349 8
16550 6656 16
16600 138 25
16650 771 13
16700 2906 17
16750 1076 16
16800 16107 20
16850 16366 8
16900 11279 16
16950 4091 16
17000 4800 19
17050 1712 20
17100 12133 15
17150 8276 20
17200 2563 19
17250 7253 22
17300 1517 22
17350 10984 13
17400 8392 23
17450 2548 21
17500 13049 15
17550 3705 17
17600 16573 14
17650 7292 14
17700 12191 22
17750 15729 14
17800 4098 12
17850 3977 13
17900 8168 11
17950 10420 24
18000 12164 18
18050 6036 24
18100 4781 15
18150 16880 10
18200 13337 15
18250 17672 12
18300 350 16
18350 9825 23
18400 9412 22
18450 778 25
18500 6276 17
18550 735 21
18600 5768 16
18650 15308 12
18700 6336 27
18750 10974 17
18800 7082 26
18850 1208 18
18900 3945 21
18950 14531 11
19000 9550 16
19050 7919 17
19100 12560 14
19150 8546 22
19200 17797 18
19250 9861 16
19300 11797 12
19350 14378 21
19400 12236 10
19450 7216 15
19500 18793 15
19550 7864 18
19600 14111 16
19650 107 14
19700 12682 25
19750 4617 4
19800 2793 13
19850 1294 19
19900 4039 17
19950 12247 10
20000 19412 14
20050 15964 12
20100 7478 17
20150 3434 16
20200 13582 17
20250 3117 11
20300 10634 23
20350 13883 14
20400 9002 15
20450 5312 19
20500 2165 10
20550 7973 14
20600 11997 12
20650 11044 11
20700 9504 22
20750 9830 19
20800 6343 10
20850 10812 20
20900 5727 16
20950 18486 13
21000 11280 22
21050 1584 24
21100 2018 16
21150 15521 20
21200 13838 11
21250 5607 22
21300 8107 16
21350 1986 18
21400 16427 19
21450 12212 11
21500 14177 20
21550 5183 14
21600 11171 16
21650 20710 12
21700 19559 21
21750 3324 14
21800 6554 17
21850 3285 23
21900 4332 19
21950 13863 16
22000 8200 12
22050 22043 6
22100 14353 15
22150 8674 18
22200 3370 21
22250 930 16
22300 17131 21
22350 12107 19
22400 9286 12
22450 3676 23
22500 3267 16
22550 17021 13
22600 16118 23
22650 12806 18
22700 12954 18
22750 7881 17
22800 17583 17
22850 21649 16
22900 9653 20
22950 10018 13
23000 21657 15
23050 8684 17
23100 476 26
23150 9392 27
23200 4058 12
23250 7793 27
23300 3584 18
23350 1881 24
23400 17069 18
23450 1338 12
23500 104 16
23550 5739 14
23600 13771 12
23650 9069 22
23700 20733 16
23750 18034 20
23800 18531 19
23850 19815 11
23900 8854 16
23950 15343 19
24000 5502 18
24050 15350 20
24100 16947 11
24150 17558 13
24200 10996 10
24250 9239 20
24300 19813 15
24350 7661 19
24400 3946 17
24450 1074 24
24500 3170 13
24550 12028 24
24600 3369 16
24650 14127 17
24700 17089 16
24750 8136 13
24800 8831 22
24850 21514 15
24900 1111 14
24950 20232 20
25000 3885 20
25050 434 26
25100 24248 10
25150 2598 20
25200 226 17
25250 8396 17
25300 5562 16
25350 3190 17
25400 10458 15
25450 10958 20
25500 13486 15
25550 5253 13
25600 3491 15
25650 19788 14
25700 9156 15
25750 6079 10
25800 2996 18
25850 10330 17
25900 8604 18
25950 17042 19
26000 7410 13
26050 25528 15
26100 10970 13
26150 903 16
26200 6106 17
26250 4884 21
26300 4116 14
26350 1433 25
26400 18024 12
26450 2436 21
26500 18695 20
26550 5911 17
26600 4700 22
26650 14598 12
26700 18931 23
26750 892 16
26800 20290 14
26850 3780 24
26900 2375 17
26950 22766 18
27000 7426 17
27050 14637 21
27100 20313 15
27150 21836 15
27200 2443 20
27250 2743 17
27300 7805 15
27350 24634 14
27400 1606 25
27450 18223 16
27500 12397 14
27550 20144 17
27600 13167 20
27650 11023 17
27700 10689 24
27750 10219 18
27800 26020 13
27850 6507 13
27900 13530 8
27950 23834 16
28000 17377 17
28050 23226 21
28100 26577 15
28150 9469 21
28200 13017 19
28250 19381 16
28300 13781 18
28350 6051 20
28400 13431 24
28450 26665 15
28500 8384 17
28550 8954 13
28600 16162 17
28650 1456 18
28700 9170 21
28750 1313 10
28800 812 16
28850 1712 18
28900 19867 24
28950 9216 13
29000 4222 26
29050 18942 12
29100 14598 32
29150 2508 23
29200 10215 18
29250 24682 21
29300 8696 19
29350 8235 15
29400 7915 27
29450 8964 19
29500 17413 15
29550 5912 9
29600 2684 21
29650 7521 18
29700 8493 19
29750 26452 14
29800 14538 6
29850 14025 15
29900 24035 13
29950 18506 23
30000 4627 18
30050 24644 8
30100 27409 13
30150 6457 15
30200 10882 23
30250 4569 16
30300 2298 18
30350 6005 20
30400 9949 18
30450 21091 16
30500 4023 13
30550 5155 15
30600 21743 16
30650 30510 11
30700 14465 23
30750 2446 10
30800 8106 25
30850 30584 6
30900 26442 13
30950 15920 29
31000 16247 18
31050 415 15
31100 1144 12
31150 7893 22
31200 25464 17
31250 1613 15
31300 2508 17
31350 13453 29
31400 6366 16
31450 18120 11
31500 1227 19
31550 25810 18
31600 2845 15
31650 14892 18
31700 2344 13
31750 10924 15
31800 5745 9
31850 16517 19
31900 4307 18
31950 3355 21
32000 9592 13
32050 3151 20
32100 3333 16
32150 7835 20
32200 6934 27
32250 21621 21
32300 5357 21
32350 2373 13
32400 10998 22
32450 21225 18
32500 11881 18
32550 9320 22
32600 17422 18
32650 22638 9
32700 32423 8
32750 1909 19
32800 11480 21
32850 24337 11
32900 9527 15
32950 7297 15
33000 10102 21
33050 21824 19
33100 26639 22
33150 32801 7
33200 5319 19
33250 5497 24
33300 16412 14
33350 13282 15
33400 8895 18
33450 9558 19
33500 7077 13
33550 22528 18
33600 6080 16
33650 30857 11
33700 11351 19
33750 12283 21
33800 24480 23
33850 19859 18
33900 2412 27
33950 31388 17
34000 30983 16
34050 1572 13
34100 18562 10
34150 3587 17
34200 5933 23
34250 9855 16
34300 21587 17
34350 6664 24
34400 2113 8
34450 556 22
34500 5300 25
34550 13569 17
34600 25980 13
34650 3873 15
34700 27214 22
34750 7612 19
34800 6578 20
34850 15924 24
34900 8518 14
34950 5167 18
35000 17396 13
35050 31601 17
35100 20457 16
35150 4431 23
35200 7960 17
35250 4593 23
35300 10019 23
35350 34082 14
35400 29168 16
35450 12380 21
35500 14865 16
35550 6963 20
35600 2584 9
35650 31914 22
35700 22406 24
35750 1245 11
35800 2580 29
35850 22850 17
35900 6100 21
35950 5150 24
36000 30247 12
36050 5758 20
36100 17364 17
36150 8349 14
36200 23032 18
36250 6011 19
36300 15904 17
36350 20868 15
36400 8966 15
36450 13182 17
36500 7106 19
36550 22067 14
36600 1735 21
36650 13361 13
36700 12334 10
36750 10843 14
36800 8968 22
36850 4265 24
36900 15837 15
36950 8143 19
37000 18645 21
37050 7938 19
37100 10742 22
37150 27590 21
37200 8541 20
37250 13279 15
37300 19640 24
37350 24215 20
37400 6382 21
37450 9515 18
37500 10554 17
37550 19401 18
37600 32785 18
37650 14598 10
37700 25841 16
37750 23174 14
37800 19698 19
37850 36068 13
37900 3613 10
37950 6477 12
38000 23275 24
38050 19762 15
38100 26780 17
38150 15232 12
38200 6704 14
38250 2088 10
38300 8796 17
38350 9796 13
38400 13134 15
38450 30062 17
38500 21508 16
38550 16929 22
38600 38439 10
38650 37936 14
38700 15666 15
38750 13208 27
38800 14727 13
38850 6671 6
38900 5182 21
38950 8503 14
39000 8582 22
39050 9359 19
39100 6584 25
39150 8932 23
39200 20807 17
39250 31493 17
39300 16275 15
39350 11688 15
39400 18291 18
39450 29546 17
39500 27648 12
39550 30057 14
39600 16995 14
39650 16129 24
39700 12121 16
39750 25847 15
39800 9927 19
39850 9015 15
39900 23363 10
39950 9121 25
40000 5969 30
40050 10306 11
40100 3557 25
40150 7632 29
40200 4886 23
40250 7516 18
40300 13964 27
40350 19201 16
40400 19789 14
40450 3570 19
40500 22689 19
40550 9412 17
40600 36114 22
40650 24505 17
40700 39879 14
40750 15601 19
40800 8253 14
40850 25321 22
40900 37902 18
40950 19336 22
41000 35538 16
41050 17440 22
41100 19450 28
41150 27313 18
41200 9226 13
41250 37395 13
41300 12624 17
41350 19617 23
41400 25289 18
41450 1993 13
41500 17940 20
41550 9255 18
41600 11038 27
41650 1145 19
41700 13081 22
41750 16166 13
41800 36103 21
41850 1490 15
41900 17168 20
41950 1200 10
42000 7771 11
42050 15375 21
42100 14625 21
42150 13304 19
42200 24155 19
42250 22693 17
42300 10901 27
42350 29090 11
42400 25225 20
42450 1260 24
42500 10972 20
42550 19875 16
42600 4218 23
42650 7612 16
42700 17239 21
42750 26865 23
42800 11923 20
42850 20963 16
42900 17475 22
42950 25728 12
43000 26187 17
43050 27267 21
43100 17289 23
43150 38276 12
43200 7171 10
43250 29907 23
43300 20632 15
43350 27571 12
43400 17230 11
43450 24583 21
43500 19683 14
43550 4081 21
43600 14622 19
43650 12068 21
43700 7473 19
43750 2940 14
43800 39208 17
43850 34084 21
43900 24620 14
43950 807 10
44000 19462 18
44050 20861 22
