50 51 11
100 101 14
150 151 15
200 201 15
250 251 19
300 301 17
350 351 19
400 401 21
450 451 20
500 501 21
550 551 21
600 601 21
650 651 21
700 701 22
750 751 23
800 801 21
850 851 22
900 901 22
950 951 22
1000 1001 24
1050 1051 21
1100 1101 24
1150 1151 20
1200 1201 25
1250 1251 22
1300 1301 24
1350 1351 25
1400 1401 23
1450 1451 25
1500 1501 24
1550 1551 22
1600 1601 26
1650 1651 27
1700 1701 24
1750 1751 26
1800 1801 26
1850 1851 23
1900 1901 27
1950 1951 30
2000 2001 30
2050 2051 26
2100 2101 26
2150 2151 25
2200 2201 29
2250 2251 28
2300 2301 26
2350 2351 28
2400 2401 24
2450 2451 25
2500 2501 27
2550 2551 28
2600 2601 27
2650 2651 28
2700 2701 24
2750 2751 24
2800 2801 24
2850 2851 25
2900 2901 28
2950 2951 29
3000 3001 25
3050 3051 24
3100 3101 27
3150 3151 26
3200 3201 28
3250 3251 26
3300 3301 26
3350 3351 25
3400 3401 30
3450 3451 31
3500 3501 28
3550 3551 26
3600 3601 30
3650 3651 33
3700 3701 25
3750 3751 29
3800 3801 29
3850 3851 32
3900 3901 31
3950 3951 27
4000 4001 27
4050 4051 27
4100 4101 25
4150 4151 28
4200 4201 28
4250 4251 27
4300 4301 26
4350 4351 26
4400 4401 27
4450 4451 28
4500 4501 30
4550 4551 27
4600 4601 28
4650 4651 28
4700 4701 27
4750 4751 29
4800 4801 27
4850 4851 27
4900 4901 30
4950 4951 30
5000 5001 36
5050 5051 29
5100 5101 28
5150 5151 28
5200 5201 25
5250 5251 30
5300 5301 29
5350 5351 30
5400 5401 30
5450 5451 27
5500 5501 30
5550 5551 28
5600 5601 32
5650 5651 28
5700 5701 34
5750 5751 33
5800 5801 30
5850 5851 30
5900 5901 30
5950 5951 28
6000 6001 29
6050 6051 30
6100 6101 32
6150 6151 30
6200 6201 30
6250 6251 31
6300 6301 31
6350 6351 33
6400 6401 29
6450 6451 30
6500 6501 31
6550 6551 28
6600 6601 29
6650 6651 32
6700 6701 30
6750 6751 29
6800 6801 30
6850 6851 29
6900 6901 32
6950 6951 29
7000 7001 31
7050 7051 29
7100 7101 30
7150 7151 33
7200 7201 31
7250 7251 33
7300 7301 30
7350 7351 31
7400 7401 29
7450 7451 30
7500 7501 32
7550 7551 33
7600 7601 28
7650 7651 36
7700 7701 34
7750 7751 29
7800 7801 33
7850 7851 32
7900 7901 33
7950 7951 33
8000 8001 35
8050 8051 32
8100 8101 32
8150 8151 31
8200 8201 31
8250 8251 29
8300 8301 30
8350 8351 32
8400 8401 33
8450 8451 32
8500 8501 29
8550 8551 33
8600 8601 29
8650 8651 31
8700 8701 32
8750 8751 28
8800 8801 28
8850 8851 29
8900 8901 31
8950 8951 31
9000 9001 31
9050 9051 31
9100 9101 29
9150 9151 30
9200 9201 29
9250 9251 31
9300 9301 30
9350 9351 30
9400 9401 32
9450 9451 31
9500 9501 29
9550 9551 30
9600 9601 29
9650 9651 31
9700 9701 30
9750 9751 32
9800 9801 31
9850 9851 33
9900 9901 31
9950 9951 28
10000 10001 31
10050 10051 28
10100 10101 30
10150 10151 30
10200 10201 31
10250 10251 32
10300 10301 29
10350 10351 34
10400 10401 31
10450 10451 33
10500 10501 31
10550 10551 32
10600 10601 31
10650 10651 32
10700 10701 32
10750 10751 33
10800 10801 31
10850 10851 32
10900 10901 35
10950 10951 32
11000 11001 33
11050 11051 30
11100 11101 29
11150 11151 30
11200 11201 29
11250 11251 32
11300 11301 35
11350 11351 30
11400 11401 35
11450 11451 33
11500 11501 35
11550 11551 32
11600 11601 34
11650 11651 35
11700 11701 32
11750 11751 33
11800 11801 34
11850 11851 36
11900 11901 32
11950 11951 31
12000 12001 31
12050 12051 33
12100 12101 34
12150 12151 32
12200 12201 33
12250 12251 30
12300 12301 35
12350 12351 31
12400 12401 34
12450 12451 33
12500 12501 34
12550 12551 29
12600 12601 32
12650 12651 35
12700 12701 35
12750 12751 33
12800 12801 36
12850 12851 32
12900 12901 30
12950 12951 31
13000 13001 33
13050 13051 34
13100 13101 30
13150 13151 32
13200 13201 34
13250 13251 33
13300 13301 33
13350 13351 33
13400 13401 36
13450 13451 35
13500 13501 34
13550 13551 32
13600 13601 32
13650 13651 32
13700 13701 32
13750 13751 32
13800 13801 32
13850 13851 32
13900 13901 32
13950 13951 29
14000 14001 33
14050 14051 33
14100 14101 35
14150 14151 33
14200 14201 31
14250 14251 31
14300 14301 33
14350 14351 31
14400 14401 34
14450 14451 33
14500 14501 34
14550 14551 33
14600 14601 32
14650 14651 32
14700 14701 34
14750 14751 31
14800 14801 31
14850 14851 33
14900 14901 31
14950 14951 35
15000 15001 34
15050 15051 35
15100 15101 33
15150 15151 35
15200 15201 34
15250 15251 30
15300 15301 35
15350 15351 31
15400 15401 30
15450 15451 33
15500 15501 34
15550 15551 34
15600 15601 32
15650 15651 32
15700 15701 30
15750 15751 31
15800 15801 34
15850 15851 39
15900 15901 32
15950 15951 32
16000 16001 31
16050 16051 32
16100 16101 33
16150 16151 31
16200 16201 32
16250 16251 31
16300 16301 32
16350 16351 33
16400 16401 32
16450 16451 35
16500 16501 32
16550 16551 34
16600 16601 38
16650 16651 33
16700 16701 32
16750 16751 32
16800 16801 34
16850 16851 34
16900 16901 35
16950 16951 31
17000 17001 34
17050 17051 34
17100 17101 32
17150 17151 32
17200 17201 34
17250 17251 31
17300 17301 31
17350 17351 33
17400 17401 31
17450 17451 38
17500 17501 36
17550 17551 35
17600 17601 35
17650 17651 32
17700 17701 31
17750 17751 34
17800 17801 33
17850 17851 35
17900 17901 32
17950 17951 34
18000 18001 35
18050 18051 31
18100 18101 32
18150 18151 31
18200 18201 33
18250 18251 31
18300 18301 32
18350 18351 34
18400 18401 34
18450 18451 33
18500 18501 32
18550 18551 32
18600 18601 30
18650 18651 35
18700 18701 41
18750 18751 33
18800 18801 33
18850 18851 35
18900 18901 33
18950 18951 31
19000 19001 36
19050 19051 34
19100 19101 33
19150 19151 34
19200 19201 35
19250 19251 32
19300 19301 32
19350 19351 32
19400 19401 33
19450 19451 32
19500 19501 35
19550 19551 32
19600 19601 34
19650 19651 33
19700 19701 35
19750 19751 36
19800 19801 32
19850 19851 35
19900 19901 32
19950 19951 35
20000 20001 31
20050 20051 35
20100 20101 35
20150 20151 36
20200 20201 36
20250 20251 36
20300 20301 35
20350 20351 32
20400 20401 32
20450 20451 35
20500 20501 33
20550 20551 35
20600 20601 37
20650 20651 32
20700 20701 36
20750 20751 36
20800 20801 33
20850 20851 30
20900 20901 31
20950 20951 32
21000 21001 33
21050 21051 37
21100 21101 33
21150 21151 35
21200 21201 32
21250 21251 34
21300 21301 35
21350 21351 35
21400 21401 32
21450 21451 35
21500 21501 36
21550 21551 31
21600 21601 40
21650 21651 35
21700 21701 31
21750 21751 32
21800 21801 31
21850 21851 32
21900 21901 38
21950 21951 37
22000 22001 37
22050 22051 36
22100 22101 38
22150 22151 32
22200 22201 33
22250 22251 33
22300 22301 34
22350 22351 40
22400 22401 34
22450 22451 36
22500 22501 32
22550 22551 32
22600 22601 34
22650 22651 35
22700 22701 33
22750 22751 33
22800 22801 35
22850 22851 34
22900 22901 34
22950 22951 30
23000 23001 37
23050 23051 31
23100 23101 33
23150 23151 34
23200 23201 33
23250 23251 39
23300 23301 33
23350 23351 35
23400 23401 32
23450 23451 34
23500 23501 32
23550 23551 33
23600 23601 34
23650 23651 34
23700 23701 31
23750 23751 33
23800 23801 36
23850 23851 36
23900 23901 35
23950 23951 31
24000 24001 38
24050 24051 32
24100 24101 34
24150 24151 32
24200 24201 36
24250 24251 35
24300 24301 33
24350 24351 36
24400 24401 33
24450 24451 36
24500 24501 35
24550 24551 33
24600 24601 37
24650 24651 34
24700 24701 32
24750 24751 32
24800 24801 40
24850 24851 35
24900 24901 32
24950 24951 34
25000 25001 38
25050 25051 35
25100 25101 34
25150 25151 35
25200 25201 30
25250 25251 35
25300 25301 34
25350 25351 35
25400 25401 34
25450 25451 35
25500 25501 38
25550 25551 34
25600 25601 34
25650 25651 34
25700 25701 40
25750 25751 35
25800 25801 32
25850 25851 34
25900 25901 37
25950 25951 37
26000 26001 35
26050 26051 33
26100 26101 32
26150 26151 33
26200 26201 33
26250 26251 37
26300 26301 37
26350 26351 36
26400 26401 33
26450 26451 33
26500 26501 36
26550 26551 32
26600 26601 32
26650 26651 36
26700 26701 33
26750 26751 33
26800 26801 36
26850 26851 32
26900 26901 33
26950 26951 31
27000 27001 33
27050 27051 36
27100 27101 35
27150 27151 36
27200 27201 34
27250 27251 34
27300 27301 36
27350 27351 36
27400 27401 33
27450 27451 34
27500 27501 34
27550 27551 35
27600 27601 33
27650 27651 34
27700 27701 35
27750 27751 36
27800 27801 36
27850 27851 35
27900 27901 34
27950 27951 31
28000 28001 34
28050 28051 33
28100 28101 34
28150 28151 33
28200 28201 34
28250 28251 34
28300 28301 36
28350 28351 35
28400 28401 39
28450 28451 32
28500 28501 32
28550 28551 33
28600 28601 37
28650 28651 33
28700 28701 34
28750 28751 35
28800 28801 32
28850 28851 37
28900 28901 37
28950 28951 35
29000 29001 35
29050 29051 34
29100 29101 38
29150 29151 33
29200 29201 37
29250 29251 34
29300 29301 32
29350 29351 33
29400 29401 35
29450 29451 33
29500 29501 32
29550 29551 35
29600 29601 35
29650 29651 34
29700 29701 36
29750 29751 37
29800 29801 34
29850 29851 32
29900 29901 37
29950 29951 37
30000 30001 38
30050 30051 33
30100 30101 33
30150 30151 34
30200 30201 36
30250 30251 35
30300 30301 36
30350 30351 35
30400 30401 41
30450 30451 36
30500 30501 35
30550 30551 32
30600 30601 37
30650 30651 34
30700 30701 33
30750 30751 33
30800 30801 37
30850 30851 37
30900 30901 33
30950 30951 36
31000 31001 32
31050 31051 34
31100 31101 37
31150 31151 34
31200 31201 38
31250 31251 36
31300 31301 34
31350 31351 34
31400 31401 34
31450 31451 37
31500 31501 35
31550 31551 35
31600 31601 34
31650 31651 36
31700 31701 34
31750 31751 35
31800 31801 35
31850 31851 34
31900 31901 32
31950 31951 32
32000 32001 33
32050 32051 37
32100 32101 36
32150 32151 34
32200 32201 36
32250 32251 32
32300 32301 37
32350 32351 37
32400 32401 33
32450 32451 34
32500 32501 33
32550 32551 38
32600 32601 36
32650 32651 35
32700 32701 37
32750 32751 36
32800 32801 34
32850 32851 34
32900 32901 38
32950 32951 33
33000 33001 35
33050 33051 35
33100 33101 35
33150 33151 35
33200 33201 35
33250 33251 38
33300 33301 36
33350 33351 36
33400 33401 35
33450 33451 40
33500 33501 34
33550 33551 35
33600 33601 33
33650 33651 36
33700 33701 39
33750 33751 35
33800 33801 33
33850 33851 36
33900 33901 33
33950 33951 36
34000 34001 35
34050 34051 35
34100 34101 36
34150 34151 33
34200 34201 35
34250 34251 39
34300 34301 36
34350 34351 36
34400 34401 37
34450 34451 39
34500 34501 39
34550 34551 33
34600 34601 38
34650 34651 32
34700 34701 34
34750 34751 34
34800 34801 33
34850 34851 34
34900 34901 35
34950 34951 36
35000 35001 35
35050 35051 36
35100 35101 37
35150 35151 34
35200 35201 38
35250 35251 38
35300 35301 35
35350 35351 37
35400 35401 38
35450 35451 34
35500 35501 36
35550 35551 35
35600 35601 37
35650 35651 31
35700 35701 36
35750 35751 36
35800 35801 34
35850 35851 35
35900 35901 36
35950 35951 33
36000 36001 35
36050 36051 37
36100 36101 38
36150 36151 37
36200 36201 36
36250 36251 32
36300 36301 34
36350 36351 35
36400 36401 44
36450 36451 34
36500 36501 34
36550 36551 41
36600 36601 38
36650 36651 36
36700 36701 42
36750 36751 34
36800 36801 34
36850 36851 34
36900 36901 34
36950 36951 34
37000 37001 32
37050 37051 35
37100 37101 33
37150 37151 34
37200 37201 37
37250 37251 34
37300 37301 36
37350 37351 36
37400 37401 39
37450 37451 32
37500 37501 33
37550 37551 35
37600 37601 33
37650 37651 33
37700 37701 36
37750 37751 32
37800 37801 36
37850 37851 36
37900 37901 33
37950 37951 35
38000 38001 32
38050 38051 33
38100 38101 35
38150 38151 34
38200 38201 38
38250 38251 42
38300 38301 33
38350 38351 35
38400 38401 32
38450 38451 34
38500 38501 33
38550 38551 39
38600 38601 36
38650 38651 34
38700 38701 31
38750 38751 33
38800 38801 38
38850 38851 33
38900 38901 32
38950 38951 36
39000 39001 33
39050 39051 35
39100 39101 36
39150 39151 34
39200 39201 37
39250 39251 32
39300 39301 42
39350 39351 38
39400 39401 37
39450 39451 33
39500 39501 35
39550 39551 36
39600 39601 37
39650 39651 37
39700 39701 34
39750 39751 35
39800 39801 34
39850 39851 36
39900 39901 32
39950 39951 35
40000 40001 34
40050 40051 34
40100 40101 34
40150 40151 37
40200 40201 36
40250 40251 37
40300 40301 33
40350 40351 33
40400 40401 34
40450 40451 35
40500 40501 36
40550 40551 37
40600 40601 39
40650 40651 34
40700 40701 33
40750 40751 35
40800 40801 35
40850 40851 39
40900 40901 34
40950 40951 34
41000 41001 34
41050 41051 36
41100 41101 37
41150 41151 39
41200 41201 39
41250 41251 37
41300 41301 32
41350 41351 39
41400 41401 38
41450 41451 33
41500 41501 35
41550 41551 36
41600 41601 34
41650 41651 34
41700 41701 37
41750 41751 37
41800 41801 35
41850 41851 35
41900 41901 35
41950 41951 36
42000 42001 31
42050 42051 35
42100 42101 40
42150 42151 32
42200 42201 36
42250 42251 32
42300 42301 36
42350 42351 35
42400 42401 37
42450 42451 37
42500 42501 34
42550 42551 33
42600 42601 35
42650 42651 37
42700 42701 36
42750 42751 37
42800 42801 34
42850 42851 34
42900 42901 40
42950 42951 42
43000 43001 35
43050 43051 35
43100 43101 36
43150 43151 35
43200 43201 36
43250 43251 37
43300 43301 39
43350 43351 32
43400 43401 34
43450 43451 35
43500 43501 32
43550 43551 33
43600 43601 36
43650 43651 35
43700 43701 34
43750 43751 35
43800 43801 33
43850 43851 37
43900 43901 35
43950 43951 34
44000 44001 39
44050 44051 42
44100 44101 37
44100 44101 36
44150 44151 32
44200 44201 37
44250 44251 38
44300 44301 37
44350 44351 34
44400 44401 38
44450 44451 36
44500 44501 39
44550 44551 34
44600 44601 34
44650 44651 38
44700 44701 38
44750 44751 38
44800 44801 36
44850 44851 37
44900 44901 39
44950 44951 36
45000 45001 31
45050 45051 36
45100 45101 36
45150 45151 34
45200 45201 36
45250 45251 37
45300 45301 36
45350 45351 35
45400 45401 38
45450 45451 38
45500 45501 33
45550 45551 34
45600 45601 34
45650 45651 34
45700 45701 37
45750 45751 38
45800 45801 34
45850 45851 33
45900 45901 36
45950 45951 41
46000 46001 43
46050 46051 35
46100 46101 38
46150 46151 35
46200 46201 36
46250 46251 37
46300 46301 35
46350 46351 40
46400 46401 33
46450 46451 35
46500 46501 37
46550 46551 40
46600 46601 37
46650 46651 34
46700 46701 38
46750 46751 35
46800 46801 39
46850 46851 34
46900 46901 37
46950 46951 35
47000 47001 34
47050 47051 33
47100 47101 36
47150 47151 40
47200 47201 40
47250 47251 35
47300 47301 36
47350 47351 36
47400 47401 34
47450 47451 36
47500 47501 37
47550 47551 36
47600 47601 34
47650 47651 34
47700 47701 36
47750 47751 33
47800 47801 36
47850 47851 37
47900 47901 40
47950 47951 35
48000 48001 36
48050 48051 34
48100 48101 37
48150 48151 37
48200 48201 32
48250 48251 36
48300 48301 36
48350 48351 36
48400 48401 35
48450 48451 35
48500 48501 38
48550 48551 42
48600 48601 35
48650 48651 35
48700 48701 34
48750 48751 36
48800 48801 36
48850 48851 35
48900 48901 34
48950 48951 34
49000 49001 33
49050 49051 38
49100 49101 38
49150 49151 35
49200 49201 35
49250 49251 36
49300 49301 40
49350 49351 36
49400 49401 34
49450 49451 34
49500 49501 35
49550 49551 37
49600 49601 35
49650 49651 36
49700 49701 34
49750 49751 36
49800 49801 36
49850 49851 40
49900 49901 35
49950 49951 38
50000 50001 40
50050 50051 38
50100 50101 38
50150 50151 39
50200 50201 36
50250 50251 36
50300 50301 38
50350 50351 36
50400 50401 38
50450 50451 33
50500 50501 35
50550 50551 39
50600 50601 34
50650 50651 37
50700 50701 39
50750 50751 35
50800 50801 38
50850 50851 34
50900 50901 36
50950 50951 33
51000 51001 41
51050 51051 38
51100 51101 39
51150 51151 37
51200 51201 34
51250 51251 35
51300 51301 36
51350 51351 40
51400 51401 41
51450 51451 37
51500 51501 34
51550 51551 35
51600 51601 34
51650 51651 33
51700 51701 38
51750 51751 34
51800 51801 36
51850 51851 43
51900 51901 34
51950 51951 35
52000 52001 36
52050 52051 38
52100 52101 38
52150 52151 36
52200 52201 36
52250 52251 36
52300 52301 36
52350 52351 36
52400 52401 35
52450 52451 42
52500 52501 36
52550 52551 36
52600 52601 39
52650 52651 41
52700 52701 40
52750 52751 35
52800 52801 34
52850 52851 39
52900 52901 35
52950 52951 35
53000 53001 40
53050 53051 40
53100 53101 39
53150 53151 34
53200 53201 36
53250 53251 37
53300 53301 37
53350 53351 36
53400 53401 34
53450 53451 37
53500 53501 37
53550 53551 39
53600 53601 37
53650 53651 33
53700 53701 34
53750 53751 35
53800 53801 39
53850 53851 34
53900 53901 40
53950 53951 39
54000 54001 36
54050 54051 35
54100 54101 33
54150 54151 42
54200 54201 36
54250 54251 34
54300 54301 33
54350 54351 32
54400 54401 36
54450 54451 37
54500 54501 34
54550 54551 36
54600 54601 39
54650 54651 36
54700 54701 37
54750 54751 36
54800 54801 35
54850 54851 37
54900 54901 36
54950 54951 33
55000 55001 36
55050 55051 35
55100 55101 40
55150 55151 37
55200 55201 37
55250 55251 34
55300 55301 37
55350 55351 35
55400 55401 36
55450 55451 36
55500 55501 36
55550 55551 36
55600 55601 35
55650 55651 36
55700 55701 33
55750 55751 43
55800 55801 40
55850 55851 32
55900 55901 35
55950 55951 40
56000 56001 38
56050 56051 34
56100 56101 37
56150 56151 36
56200 56201 37
56250 56251 37
56300 56301 40
56350 56351 35
56400 56401 36
56450 56451 34
56500 56501 36
56550 56551 40
56600 56601 38
56650 56651 41
56700 56701 39
56750 56751 37
56800 56801 34
56850 56851 40
56900 56901 34
56950 56951 38
57000 57001 36
57050 57051 36
57100 57101 38
57150 57151 35
57200 57201 36
57250 57251 39
57300 57301 33
57350 57351 39
57400 57401 36
57450 57451 36
57500 57501 33
57550 57551 35
57600 57601 37
57650 57651 37
57700 57701 35